22 25 27 28 30 31 32 29 true
72 74 75 77 80 81 81 true
52 53 55 58 59 63 true
14 17 19 22 27 true
65 68 67 68 71 73 76 77 true
53 56 53 55 54 false
60 62 59 62 62 false
27 30 28 31 32 35 39 false
64 67 68 71 74 71 74 81 false
29 32 32 33 36 39 40 true
72 74 74 75 74 false
11 14 14 17 17 false
64 65 67 70 72 72 76 false
77 79 80 80 82 89 false
45 47 49 53 54 false
13 16 18 22 23 25 27 24 false
16 17 18 19 20 21 25 25 false
25 26 30 32 34 35 36 40 false
45 48 52 54 56 62 false
51 52 54 56 59 64 66 68 false
14 16 17 22 23 22 false
27 28 34 35 35 false
76 77 78 80 85 88 92 false
72 74 79 80 81 88 false
63 62 65 66 69 70 72 true
87 84 87 89 88 false
41 40 42 43 45 46 46 false
7 4 7 8 12 false
86 83 85 88 90 96 false
24 21 22 24 26 28 27 28 false
25 24 22 24 25 23 false
37 36 38 39 37 39 39 false
78 77 80 79 80 82 86 false
32 30 33 35 34 35 42 false
70 68 70 73 73 76 false
60 58 59 60 61 61 59 false
85 83 86 86 86 false
3 1 1 2 4 8 false
21 18 19 19 26 false
59 56 57 59 63 64 false
48 45 47 48 52 53 50 false
43 40 44 47 49 52 52 false
48 45 47 51 55 false
54 51 52 54 57 58 62 67 false
21 19 20 22 29 31 false
32 29 31 34 39 41 44 41 false
47 46 48 49 54 57 57 false
77 74 77 82 86 false
47 44 45 51 54 60 false
55 55 57 58 59 62 65 68 true
40 40 41 44 41 false
45 45 47 48 50 50 false
77 77 80 81 83 85 89 false
28 28 30 31 38 false
88 88 89 88 90 93 false
31 31 34 36 34 35 37 35 false
31 31 34 36 33 33 false
49 49 47 48 49 53 false
69 69 72 73 71 76 false
91 91 94 96 96 99 false
65 65 65 68 70 71 68 false
50 50 51 52 52 55 58 58 false
75 75 78 79 79 83 false
6 6 8 10 10 13 16 21 false
43 43 46 47 51 52 54 false
11 11 13 16 19 22 26 24 false
76 76 77 80 84 84 false
19 19 23 24 27 31 false
8 8 10 12 15 19 26 false
71 71 76 79 80 false
12 12 15 17 24 25 24 false
8 8 9 10 11 12 19 19 false
74 74 76 83 85 89 false
65 65 67 73 74 75 78 85 false
23 27 30 32 33 true
70 74 75 78 75 false
7 11 12 13 14 17 17 false
66 70 71 74 78 false
61 65 68 71 76 false
1 5 4 7 9 10 11 false SKAL VÆRE TRUE
47 51 53 54 55 53 54 51 false
56 60 63 64 66 64 67 67 false
36 40 43 41 42 44 48 false
81 85 83 85 92 false
69 73 73 75 78 81 82 false
37 41 44 44 47 48 45 false
41 45 45 48 49 51 51 false
43 47 47 49 51 55 false
36 40 40 41 42 49 false
71 75 76 79 83 84 86 89 false
10 14 15 19 20 17 false
15 19 21 25 25 false
1 5 8 10 12 13 17 21 false
73 77 80 84 89 false
7 11 14 17 18 25 27 false
53 57 64 67 68 67 false
50 54 55 56 62 62 false
31 35 36 39 42 48 51 55 false
35 39 42 45 48 54 60 false
21 27 29 30 31 true
40 47 48 50 48 false
68 75 77 78 79 80 81 81 false
19 24 26 28 31 34 38 false
72 79 82 85 92 false
51 57 55 56 57 59 62 63 false
83 90 92 93 96 99 98 97 false
10 16 14 16 16 false
34 41 40 43 46 50 false
70 75 76 79 77 79 86 false
42 47 47 50 53 55 56 58 false
54 61 62 63 66 66 68 67 false
2 7 7 8 9 9 false
71 78 78 80 84 false
78 84 86 89 89 92 98 false
10 17 19 23 24 25 false
37 44 47 48 52 53 55 52 false
74 79 80 81 82 86 87 87 false
6 11 13 16 17 21 25 false
68 73 74 78 80 82 85 91 false
35 41 44 49 50 false
18 25 26 29 34 36 39 37 false
66 73 75 78 79 85 85 false
61 67 69 75 79 false
49 54 55 62 63 70 false
99 96 94 91 90 87 88 true
85 84 81 80 79 78 78 true
25 22 21 19 16 12 true
43 42 41 40 38 32 true
27 24 27 24 21 false
27 24 22 20 18 16 18 20 false
61 60 59 58 61 59 59 false
31 29 31 28 25 21 false
40 37 35 38 35 33 30 25 false
87 85 83 83 82 79 true
48 45 44 41 41 44 false
73 72 71 71 71 false
61 59 58 58 54 false
19 16 15 15 12 11 4 false
46 43 40 39 38 34 33 30 false
58 57 53 51 54 false
60 58 54 52 51 50 50 false
51 50 46 44 42 38 false
38 36 33 29 27 25 22 15 false
48 46 44 38 36 false
40 39 37 35 34 29 26 28 false
50 49 48 41 38 37 34 34 false
65 64 61 54 51 50 46 false
22 20 17 14 13 8 1 false
83 84 82 80 78 75 74 true
14 16 13 10 9 6 8 false
26 29 28 25 22 20 17 17 false
12 14 11 9 7 3 false
67 69 67 65 59 false
9 10 13 11 9 8 false
15 18 17 19 18 20 false
39 40 37 39 39 false
27 30 27 26 27 26 25 21 false
57 60 59 57 55 52 55 48 false
31 34 31 31 28 false
45 47 46 45 44 44 45 false
48 50 48 48 46 43 42 42 false
53 56 53 53 52 48 false
43 45 45 42 37 false
23 26 22 20 18 16 13 false
32 33 31 29 26 23 19 20 false
41 43 42 40 36 36 false
49 51 49 47 43 39 false
15 17 15 11 10 5 false
71 74 69 67 66 false
51 54 49 47 44 46 false
76 78 75 73 66 66 false
74 75 68 66 63 61 57 false
94 95 92 86 85 78 false
51 51 48 45 44 true
43 43 40 37 36 34 37 false
78 78 77 75 73 71 70 70 false
15 15 14 12 8 false
50 50 47 45 44 41 35 false
88 88 89 87 85 83 82 false
42 42 39 41 42 false
91 91 90 88 91 91 false
51 51 50 48 50 48 44 false
50 50 48 46 47 44 43 37 false
93 93 91 91 90 89 87 false
6 6 6 5 7 false
97 97 97 95 92 92 false
28 28 27 26 26 23 19 false
15 15 15 12 5 false
38 38 37 35 31 28 27 25 false
27 27 25 22 18 20 false
18 18 16 12 12 false
34 34 31 27 23 false
16 16 15 11 4 false
50 50 43 41 40 false
67 67 64 63 57 59 false
91 91 89 83 83 false
21 21 18 12 10 9 5 false
73 73 68 67 64 57 false
97 93 92 90 88 87 84 true
17 13 10 7 4 7 false
78 74 71 68 68 false
51 47 45 42 40 38 34 false
26 22 21 20 14 false
95 91 92 90 87 false
38 34 32 31 33 35 false
55 51 48 49 47 46 46 false
79 75 72 69 71 69 65 false
70 66 64 63 66 61 false
45 41 41 40 38 false
39 35 35 32 31 29 31 false
6 2 2 1 1 false
32 28 26 24 24 20 false
90 86 86 85 79 false
80 76 73 71 67 66 false
31 27 23 20 18 20 false
72 68 66 64 60 59 56 56 false
20 16 12 10 6 false
72 68 67 63 60 59 53 false
92 88 85 84 78 75 73 false
36 32 30 24 23 20 21 false
75 71 69 66 63 57 55 55 false
98 94 92 86 85 81 false
74 70 67 60 57 55 52 47 false
48 42 39 38 37 34 31 30 true
88 83 81 78 76 77 false
15 8 5 2 1 1 false
75 70 69 67 65 63 59 false
69 64 61 60 57 56 49 false
45 39 36 39 36 33 30 27 false
60 55 56 54 52 49 47 49 false
64 58 57 58 58 false
82 75 72 71 72 70 67 63 false
26 19 16 19 17 15 9 false
26 20 18 15 15 12 false
54 49 46 45 45 44 47 false
18 12 9 9 7 7 false
22 16 15 15 11 false
74 69 67 67 61 false
76 70 66 63 60 false
18 13 12 10 7 5 1 3 false
48 41 37 36 35 32 32 false
52 47 46 42 41 40 36 false
84 79 76 73 69 67 65 60 false
51 46 43 37 35 34 false
28 22 21 19 14 16 false
32 27 26 19 19 false
93 88 85 83 76 72 false
53 47 44 37 30 false
5 7 8 11 11 15 false
25 24 27 27 26 false
84 86 85 84 80 79 77 false
44 45 43 40 37 33 false
17 14 16 13 6 false
27 27 34 36 39 42 40 false
36 42 45 46 51 false
61 54 53 50 48 true
58 58 60 64 65 68 72 false
75 78 77 74 74 false
75 75 72 71 70 70 64 false
55 55 52 49 43 41 36 false
84 83 80 81 80 true
69 73 74 76 75 79 false
87 80 82 79 79 false
48 51 50 53 55 53 false
83 80 82 88 93 false
74 74 73 70 68 67 63 false
66 65 66 67 70 74 77 false
14 14 11 9 6 3 2 1 true
22 22 26 28 31 33 36 36 false
65 65 69 71 72 false
58 58 51 48 45 43 42 42 false
89 88 89 90 93 93 false
8 15 19 22 24 24 false
35 39 40 45 44 false
80 86 88 90 91 92 93 true
41 42 39 37 34 35 false
72 65 62 61 57 false
84 88 90 89 94 false
24 26 26 24 23 22 21 21 false
61 57 57 55 54 51 50 46 false
15 15 15 14 10 false
59 55 51 50 47 45 42 false
89 88 86 83 80 77 70 true
69 72 75 79 82 84 86 93 false
23 25 27 29 34 35 38 39 false
11 11 12 12 13 13 false
47 43 45 44 42 39 35 false
31 38 41 44 47 50 50 false
27 25 20 17 15 13 false
86 82 81 75 73 76 false
53 52 50 51 52 54 58 false
87 90 91 92 96 93 false
58 58 58 55 54 53 53 false
23 22 21 20 20 19 12 false
5 5 8 9 12 14 15 true
29 33 37 38 42 false
57 52 48 47 44 41 39 40 false
94 87 85 83 82 78 75 69 false
89 91 90 84 83 false
31 34 35 35 41 false
96 89 88 87 85 87 84 false
16 16 18 15 13 11 11 false
37 38 41 44 44 45 true
49 47 50 53 56 63 false
31 29 27 26 23 19 18 false
38 39 42 45 47 49 52 57 true
70 76 79 83 84 85 89 false
42 42 43 44 45 46 50 48 false
62 63 62 64 65 true
82 81 78 77 73 66 false
34 34 28 25 24 false
41 41 43 41 38 34 false
16 14 13 13 11 8 7 true
19 19 14 11 8 4 false
78 71 68 68 65 64 65 false
85 89 93 95 96 false
16 21 23 25 28 30 34 false
18 14 10 9 6 5 6 false
8 3 3 2 1 false
24 28 29 30 33 38 39 false
57 54 57 55 57 false
11 11 13 10 10 false
66 65 67 73 76 77 77 false
3 7 10 13 16 20 false
2 6 8 9 11 12 15 16 true
67 67 67 68 65 false
67 62 61 60 59 59 59 false
11 15 15 17 17 false
18 19 17 15 14 8 5 8 false
4 4 4 7 9 11 13 19 false
31 27 26 25 22 22 17 false
58 59 60 64 67 67 false
81 88 90 90 91 97 false
31 31 32 38 41 false
28 26 28 30 31 29 30 36 false
29 29 31 34 40 44 false
33 30 29 28 26 22 22 false
93 89 88 86 85 79 78 73 false
68 72 75 78 80 86 86 false
85 86 89 93 95 false
47 49 46 45 44 45 41 false
74 73 75 76 73 false
38 38 39 40 41 46 48 55 false
54 54 55 57 58 60 60 false
48 53 59 60 58 false
91 96 94 96 95 false
78 81 78 77 77 75 68 false
34 28 30 27 23 false
85 81 76 73 73 false
30 24 21 16 18 false
12 17 18 21 25 26 false
88 85 86 89 91 95 false
36 40 42 40 41 39 false
16 16 14 11 12 9 6 4 false
59 59 57 53 52 51 45 false
44 40 37 33 30 28 25 25 false
28 28 31 31 34 37 39 40 false
57 51 48 44 41 39 38 35 false
44 37 32 30 27 27 false
1 2 3 6 5 5 false
84 77 74 72 71 69 69 false
44 42 40 37 36 true
60 57 54 52 51 true
46 49 52 55 56 58 60 62 true
42 45 47 50 51 54 55 true
61 60 58 57 55 true
28 30 31 34 36 39 true
35 33 30 28 27 24 true
17 18 19 20 23 25 27 true
92 89 87 84 82 80 true
72 75 77 80 83 86 87 90 true
86 85 82 79 78 77 75 74 true
24 23 21 18 15 true
35 36 38 41 43 44 true
37 40 43 46 48 49 52 53 true
74 71 70 68 67 66 true
73 72 70 69 66 64 63 62 true
21 18 17 15 13 10 true
97 96 95 93 91 89 true
80 83 86 89 92 94 97 true
13 10 8 7 6 5 3 1 true
3 5 7 10 13 true
12 13 14 15 17 20 23 true
22 21 18 15 14 true
45 44 41 40 39 36 33 30 true
92 91 89 87 84 83 81 78 true
80 77 74 71 68 65 64 61 true
76 75 72 69 67 64 61 59 true
74 71 69 68 65 true
3 5 6 9 10 12 15 16 true
67 69 70 71 74 76 79 true
59 58 56 55 53 52 50 48 true
54 51 49 46 43 42 true
68 70 72 74 77 true
89 88 87 84 83 80 77 75 true
16 14 13 10 9 6 4 true
32 29 26 23 20 true
46 43 41 39 38 true
90 93 94 96 97 true
82 80 79 76 74 true
87 85 84 82 80 77 true
29 31 32 35 38 40 43 true
32 34 37 39 41 true
30 29 27 24 21 true
70 73 74 77 80 82 84 87 true
7 10 12 13 16 19 20 true
47 48 49 51 52 53 true
68 69 71 73 74 75 76 true
66 69 70 72 73 76 79 true
19 22 25 27 28 31 33 true
13 10 7 5 2 true
3 6 7 8 11 13 16 17 true
27 28 31 34 37 40 42 43 true
49 52 55 56 59 60 61 63 true
74 73 70 68 66 65 true
53 54 57 60 63 64 true
98 97 95 94 91 90 88 87 true
50 53 56 57 59 60 63 true
36 38 39 41 43 46 47 49 true
82 81 80 79 78 75 true
3 5 7 9 11 12 13 true
46 47 49 50 52 54 57 59 true
20 21 22 23 24 26 27 29 true
44 42 39 36 34 33 30 28 true
50 53 54 55 58 60 true
78 75 73 70 67 true
30 27 26 24 23 21 18 true
34 33 31 29 27 26 true
70 69 68 66 64 63 62 true
65 64 63 62 61 true
47 44 41 38 35 33 30 28 true
70 68 65 64 63 60 true
40 37 35 33 31 28 26 25 true
37 39 42 43 44 true
15 18 19 21 23 true
52 51 48 47 45 42 39 true
48 45 43 41 38 37 34 33 true
36 39 42 43 45 48 51 52 true
78 76 75 73 72 69 true
43 40 37 34 32 29 28 true
11 12 15 16 18 20 23 24 true
68 71 74 75 77 true
18 21 23 26 28 29 true
50 49 46 43 42 true
35 33 32 31 28 26 25 true
11 12 13 15 17 true
22 19 16 14 13 11 10 true
96 95 93 91 89 86 true
20 17 16 13 12 9 6 true
75 73 71 69 66 63 61 59 true
55 57 58 61 64 65 67 true
56 54 51 48 46 true
87 89 90 93 94 97 true
98 96 94 91 89 87 85 82 true
92 90 88 87 85 true
48 49 52 55 57 59 60 61 true
34 35 36 37 39 41 43 true
64 62 61 59 58 57 true
16 19 21 24 26 true
90 91 93 94 97 98 true
71 72 73 76 77 79 true
56 58 61 62 64 65 true
14 12 9 8 7 5 true
1 2 3 5 8 9 10 true
65 67 70 72 74 77 true
35 38 40 42 43 true
21 20 17 16 15 12 10 8 true
1 4 6 7 10 11 14 true
3 5 7 8 10 true
79 80 82 85 86 88 91 92 true
35 38 41 44 47 48 50 true
20 17 16 15 14 13 10 true
17 19 21 22 23 true
38 40 43 44 45 true
38 39 42 45 48 50 53 true
93 91 90 87 85 83 true
25 23 21 19 18 17 true
26 27 28 30 33 36 38 true
48 45 44 42 40 true
50 48 45 44 42 40 37 36 true
56 57 59 60 63 64 true
34 31 30 29 27 24 23 true
80 81 84 87 88 90 91 true
42 41 38 36 35 33 31 29 true
28 31 34 36 39 40 42 true
15 13 12 9 7 true
64 65 68 69 71 72 true
51 48 47 45 42 40 true
48 45 43 40 38 37 true
31 30 29 27 25 true
24 26 28 29 31 33 34 true
14 17 18 20 23 25 26 28 true
90 91 92 94 96 99 true
4 5 6 8 10 11 14 true
24 22 19 17 16 15 true
54 57 58 60 63 64 65 true
34 37 39 40 42 44 47 49 true
46 45 44 42 40 true
20 18 16 14 13 10 8 true
64 66 67 70 72 true
97 95 94 93 91 true
48 45 43 42 39 38 true
28 26 24 22 19 16 14 11 true
16 18 19 21 23 26 true
50 52 53 56 59 true
79 78 76 73 71 69 true
46 48 50 51 52 55 57 60 true
43 44 46 48 51 54 55 56 true
40 37 36 35 34 31 true
83 82 79 76 75 73 true
57 60 61 64 65 68 71 true
2 4 7 8 11 13 16 true
20 18 16 15 13 10 7 5 true
57 56 55 52 50 true
65 68 70 71 74 76 79 true
4 7 10 12 15 17 19 21 true
59 57 56 54 51 true
58 59 62 63 66 true
22 19 17 16 13 true
55 56 57 60 63 true
23 26 27 30 31 32 35 36 true
17 16 14 13 11 10 true
60 58 55 52 51 48 47 46 true
85 88 89 90 92 94 true
20 18 17 14 11 true
80 83 84 87 88 90 91 true
30 27 25 23 20 17 true
30 31 33 36 39 42 43 true
43 45 48 50 53 54 56 true
50 48 47 46 43 40 39 38 true
47 49 50 53 55 true
38 37 36 34 33 true
53 54 55 57 58 60 63 true
99 96 94 92 90 true
77 78 80 83 84 86 true
33 35 36 38 40 42 45 true
54 57 59 61 62 true
61 58 57 56 55 52 50 true
17 18 20 23 26 true
44 46 47 50 53 56 57 true
50 47 44 41 38 37 36 true
33 31 30 28 25 23 22 true
40 37 35 34 31 true
32 34 35 36 38 true
64 62 61 58 56 53 true
33 36 38 40 42 44 47 50 true
22 19 16 14 11 9 8 6 true
53 55 57 58 61 63 65 true
85 82 81 80 78 76 73 70 true
33 34 35 37 38 41 43 45 true
17 14 11 9 7 4 true
59 56 55 54 52 49 47 true
47 48 49 51 53 56 57 true
54 51 49 46 45 43 41 40 true
35 32 29 28 25 22 19 true
38 40 41 42 45 true
71 68 65 64 63 true
27 28 30 32 33 36 39 42 true
39 41 44 46 49 50 true
55 58 59 62 65 68 69 true
41 38 35 33 30 28 25 23 true
51 52 55 57 58 61 63 true
52 53 55 56 59 62 64 true
18 20 21 24 25 28 30 31 true
48 47 44 41 40 37 true
96 94 91 90 87 84 81 true
20 18 17 16 14 13 11 true
83 86 88 89 90 93 95 true
58 57 56 54 52 49 46 43 true
62 63 64 66 69 70 72 73 true
77 74 73 70 69 true
97 95 92 91 89 true
11 13 14 16 18 21 23 26 true
40 42 45 47 50 53 54 57 true
9 8 7 5 3 2 true
18 16 14 12 11 8 true
28 31 34 37 39 true
53 50 47 46 43 true
78 81 84 87 89 90 92 93 true
40 39 36 35 33 true
75 73 72 69 68 66 63 true
81 83 86 88 91 92 true
19 20 23 25 26 27 29 31 true
32 31 28 26 24 true
70 69 68 67 64 63 62 true
74 76 77 78 81 83 true
60 57 54 52 49 47 45 true
64 62 61 60 59 true
76 78 81 84 85 true
85 83 82 81 78 75 true
57 58 60 62 64 67 70 true
13 15 16 19 22 24 true
87 85 82 81 78 75 72 true
36 35 32 30 27 24 21 20 true
38 37 35 33 31 28 true
47 44 41 38 35 33 32 true
65 62 61 60 58 57 56 true
58 56 54 53 50 48 46 45 true
64 62 60 59 57 true
82 85 86 88 89 91 93 true
22 19 18 15 12 10 9 true
55 58 60 62 64 66 true
57 54 52 50 49 47 true
41 38 35 33 31 29 27 true
81 83 84 86 87 true
21 18 15 14 13 true
62 63 64 66 67 true
45 43 42 40 37 34 true
53 51 48 46 44 42 39 true
50 52 53 54 56 58 61 true
51 54 56 59 62 63 true
59 58 55 54 53 50 47 44 true
9 11 12 13 14 16 18 21 true
6 8 11 12 14 17 true
39 42 45 47 50 51 52 55 true
88 86 83 82 81 78 true
74 75 77 79 80 82 85 86 true
63 66 69 70 71 74 76 77 true
60 59 58 57 55 54 true
76 78 79 82 84 true
9 10 12 13 14 true
15 17 18 20 23 25 28 30 true
10 11 12 13 14 true
71 69 66 65 63 true
23 22 19 16 13 11 true
35 33 30 27 25 true
13 16 17 18 19 21 23 true
43 46 49 50 51 true
61 64 67 68 71 74 77 true
77 74 71 68 66 64 true
22 25 28 31 34 35 37 true
81 79 78 76 74 true
1 2 3 4 6 7 8 11 true
86 89 91 93 94 true
21 23 24 25 26 27 30 true
20 18 16 13 10 8 true
56 53 52 51 48 46 43 true
18 16 13 11 10 true
14 13 11 8 6 true
97 96 93 92 89 86 83 true
31 30 28 25 23 20 19 18 true
53 52 50 47 45 42 41 38 true
37 38 41 44 45 47 49 true
58 55 54 51 50 49 48 46 true
89 88 86 83 80 79 true
40 38 37 34 31 true
36 34 32 30 29 true
71 73 74 75 77 78 true
53 52 51 50 49 47 true
19 17 16 14 11 10 8 6 true
87 85 82 79 76 73 70 true
46 48 51 54 55 true
82 84 87 88 91 94 96 99 true
76 77 79 82 85 88 89 true
98 96 93 90 89 86 83 true
89 92 95 98 99 true
64 66 67 69 72 true
19 18 16 14 12 11 8 5 true
77 74 71 69 68 65 62 true
89 92 94 97 99 true
29 31 33 35 37 true
21 23 25 26 27 29 31 32 true
17 20 22 24 27 29 31 true
47 44 43 40 37 34 true
6 7 9 12 13 true
53 50 48 45 44 41 39 true
33 34 36 38 39 42 45 true
56 58 59 62 65 68 70 true
40 38 36 33 31 true
84 82 81 78 77 75 73 true
18 20 23 26 29 31 33 34 true
52 51 49 48 45 42 39 37 true
76 77 80 83 84 87 88 91 true
29 26 23 20 17 15 12 true
66 65 64 62 60 58 true
1 2 4 6 8 9 true
28 25 22 19 18 16 15 true
94 92 90 87 86 84 true
36 37 39 41 42 45 48 true
4 7 10 13 16 19 21 23 true
6 7 9 10 13 true
26 24 21 19 16 15 true
77 80 82 85 86 88 true
68 71 73 75 76 true
25 24 23 21 18 15 13 true
37 38 40 42 44 47 49 true
34 36 37 38 39 true
85 83 81 79 77 76 true
30 31 34 37 40 43 46 47 true
37 38 39 42 44 true
40 41 43 45 47 48 51 true
58 61 62 65 67 69 70 true
3 6 8 9 11 12 true
27 26 23 21 18 true
57 60 62 64 65 true
63 64 65 68 69 72 74 75 true
28 26 25 22 20 18 16 13 true
27 28 31 34 37 38 true
38 36 33 32 29 26 23 true
74 72 69 67 65 64 62 true
86 87 88 91 93 96 true
58 57 56 55 53 51 true
55 58 59 62 64 66 68 70 true
44 45 46 49 51 true
45 46 48 49 52 55 58 61 true
17 14 13 11 8 true
31 30 28 25 23 22 true
11 12 14 17 20 true
10 11 14 15 18 21 23 24 true
46 45 43 41 39 37 true
52 50 49 46 45 42 true
85 82 81 80 78 77 true
16 15 12 9 6 5 2 true
11 12 15 18 21 22 true
50 49 48 45 43 40 true
92 89 86 85 84 true
29 26 23 22 19 true
57 60 61 62 64 67 70 72 true
5 6 9 10 11 true
26 25 24 23 21 18 17 16 true
17 20 23 25 27 29 32 33 true
23 24 26 27 30 33 36 true
4 5 8 9 11 13 16 true
76 73 71 70 67 66 64 61 true
67 65 64 63 61 true
96 95 93 92 89 true
71 70 67 65 63 62 59 57 true
40 42 45 47 50 53 55 true
49 48 45 43 42 40 37 true
85 83 81 78 76 74 true
28 27 25 23 22 21 true
83 86 87 88 89 90 93 true
94 91 89 86 85 82 true
53 50 49 48 45 44 true
86 83 82 81 80 78 75 72 true
67 69 72 75 77 true
56 53 50 49 46 44 true
74 76 79 82 83 84 85 true
25 27 29 31 34 true
18 21 22 23 25 27 29 true
32 31 29 27 25 true
55 52 51 49 46 44 true
22 23 26 28 30 32 true
9 11 14 17 19 22 24 26 true
53 54 55 56 59 true
27 29 31 33 34 true
34 31 28 26 24 22 true
86 89 90 91 94 96 true
85 83 81 78 75 74 71 70 true
84 82 81 80 77 74 true
48 51 52 55 57 60 true
43 40 38 37 35 32 30 true
69 72 73 74 76 79 81 84 true
28 30 33 35 38 40 true
4 7 8 11 14 16 18 20 true
34 33 31 30 29 26 23 22 true
27 25 24 22 19 16 13 12 true
41 44 46 48 49 50 52 53 true
1 2 4 6 8 9 12 14 true
9 10 12 15 16 19 true
91 93 96 97 99 true
49 48 46 43 40 true
66 65 63 62 60 57 55 true
24 21 19 18 15 12 true
66 68 70 71 72 73 74 75 true
5 6 9 12 15 17 true
20 18 17 16 14 true
85 86 87 88 89 90 93 95 true
47 44 41 40 38 36 33 true
60 61 63 64 67 68 true
88 90 91 93 95 96 true
45 43 41 40 37 true
30 31 34 37 40 true
23 21 19 18 15 true
24 23 20 19 16 15 13 12 true
26 28 29 32 33 34 36 true
67 68 69 70 73 true
17 20 21 24 26 29 30 true
19 16 13 11 8 5 4 true
48 49 52 55 57 58 59 true
50 52 53 54 57 58 true
60 62 65 68 71 72 73 74 true
67 66 65 64 61 58 57 55 true
50 52 53 56 57 60 62 63 true
10 11 14 15 18 21 true
32 29 27 24 21 18 17 15 true
50 51 53 56 57 60 true
35 37 38 41 43 45 true
67 68 71 73 75 78 79 82 true
35 36 38 41 43 true
97 95 93 91 89 87 85 true
78 76 74 72 70 67 64 63 true
80 77 75 74 73 true
48 46 44 42 41 true
27 26 23 20 18 true
91 88 87 84 81 true
99 97 96 95 92 89 87 true
16 14 11 10 7 5 true
98 95 92 90 88 86 true
85 86 88 89 91 93 96 97 true
18 17 14 11 10 true
19 22 23 24 25 26 27 30 true
50 51 52 54 57 59 60 true
40 43 45 47 49 51 53 true
60 61 62 63 64 65 67 true
99 97 94 93 92 89 87 86 true
55 54 51 49 48 true
47 45 43 41 38 true
17 20 21 24 26 29 31 true
44 43 41 40 37 36 35 33 true
82 83 86 89 91 true
46 48 49 50 52 54 true
32 35 37 40 43 true
82 83 86 88 89 true
41 40 39 38 37 true
28 31 32 34 35 37 38 true
98 97 95 93 92 90 87 true
23 20 17 14 13 10 9 true
58 60 62 65 68 70 71 73 true
3 4 6 9 11 true
77 79 81 83 86 88 91 true
78 76 75 73 71 true
62 64 67 68 70 72 true
41 44 47 48 49 51 true
79 78 75 74 72 69 true
48 51 53 55 57 60 62 true
68 65 62 59 56 54 51 48 true
57 59 61 62 63 66 69 72 true
20 23 25 26 27 28 29 true
48 45 43 42 39 36 33 30 true
36 37 38 40 43 45 47 true
95 93 92 89 88 true
54 55 57 59 61 63 66 68 true
14 15 17 20 21 true
7 9 12 13 16 18 true
94 91 90 89 88 87 85 83 true
47 44 42 39 36 34 31 true
28 31 34 37 38 39 true
54 56 58 59 60 62 true
89 88 87 84 82 80 79 76 true
78 80 83 84 87 88 true
21 22 23 24 27 30 32 true
16 15 12 10 7 5 true
27 29 32 34 35 36 38 true
58 57 55 54 52 50 49 46 true
47 44 41 40 37 true
17 16 15 14 11 10 true
53 51 50 47 45 43 true
18 16 15 13 10 8 5 3 true
38 36 35 32 31 30 true
75 76 79 81 84 87 90 93 true
79 81 84 85 87 true
31 28 25 24 22 20 17 true
42 44 45 46 47 49 51 true
51 53 54 57 58 59 true
92 89 87 85 83 true
31 34 35 38 40 42 true
23 21 20 19 17 true
52 51 50 49 46 43 41 true
69 66 64 63 62 true
87 85 82 81 79 true
40 43 46 48 49 50 true
10 11 12 15 16 true
15 18 20 22 24 27 28 true
51 53 56 58 60 63 66 true
3 5 8 9 11 13 true
89 88 86 85 83 81 79 77 true
63 65 68 70 73 76 78 79 true
14 15 16 19 22 23 24 25 true
73 71 70 67 65 62 59 58 true
52 49 46 43 41 true
5 7 9 11 14 17 18 true
52 49 46 44 43 true
50 52 55 58 59 true
24 26 27 30 31 true
18 21 23 26 27 true
18 15 13 10 8 7 4 true
97 96 93 90 88 87 true
91 90 89 87 84 83 81 true
80 82 84 87 89 92 true
33 35 36 37 40 true
28 31 34 35 37 38 41 true
20 22 24 27 30 33 34 35 true
26 28 30 33 36 37 38 true
60 61 64 67 70 true
93 90 87 85 82 79 77 true
92 89 87 86 85 true
94 92 89 88 87 true
82 83 84 87 88 90 92 true
64 63 60 57 56 55 53 true
81 79 78 75 72 70 true
86 84 82 79 78 75 true
77 75 72 70 67 true
73 71 69 67 65 62 61 60 true
68 65 62 59 58 55 53 true
31 34 36 38 40 43 46 true
59 56 53 50 48 46 45 true
42 44 45 47 50 true
53 51 50 49 48 45 42 true
48 45 43 40 38 35 33 30 true
56 59 60 62 63 true
56 54 52 51 48 46 44 true
58 56 53 52 51 49 true
67 69 70 72 73 74 75 true
85 86 88 89 91 92 true
97 94 91 88 85 83 81 true
3 5 6 8 10 12 true
30 28 26 25 24 21 19 true
57 56 55 54 53 true
39 41 43 46 48 51 54 56 true
91 93 95 96 97 98 true
42 40 38 36 34 true
76 78 80 83 86 87 88 90 true
31 34 35 36 38 40 true
15 17 20 22 23 24 true
85 82 79 76 75 74 true
68 65 64 63 61 true
24 27 28 29 31 34 36 true
43 42 39 36 34 31 29 true
80 81 83 85 87 89 true
41 40 38 36 33 true
14 15 17 18 21 23 26 29 true
36 39 40 41 43 46 true
97 94 92 89 88 85 83 true
30 31 34 35 37 true
99 98 96 94 91 88 85 true
25 26 27 28 29 true
13 10 8 5 4 true
28 31 34 37 39 40 41 true
62 59 58 57 56 55 52 true
63 64 66 69 71 74 75 true
81 82 85 86 88 true
22 24 27 28 29 31 34 true
94 93 90 88 87 86 85 83 true
67 66 64 61 59 true
70 71 73 76 77 true
81 83 85 86 88 90 91 true
3 6 7 8 9 true
53 56 57 59 62 64 65 true
31 28 25 23 22 21 true
46 47 48 49 52 55 56 58 true
86 89 92 93 94 95 96 true
78 77 76 73 72 70 68 66 true
88 87 86 85 84 81 78 true
77 75 72 69 68 65 true
87 88 91 92 93 94 97 99 true
30 27 26 23 20 true
71 73 75 76 77 79 80 82 true
61 64 67 70 71 73 76 77 true
53 56 58 61 62 true
34 32 31 28 27 26 25 22 true
32 34 37 40 43 44 45 true
44 41 38 37 34 true
36 35 33 31 30 27 25 23 true
90 87 86 84 82 true
31 30 27 24 22 20 18 true
61 59 56 53 50 47 46 43 true
65 63 61 59 58 57 54 51 true
31 29 26 23 20 18 16 14 true
50 52 54 55 57 true
30 29 28 27 26 23 22 true
18 21 24 27 30 32 true
24 21 18 15 14 12 9 true
37 35 34 31 30 28 25 24 true
17 16 14 11 10 8 true
39 42 43 46 48 true
71 73 74 76 79 80 82 83 true
91 88 86 85 82 80 79 true
34 35 37 39 42 45 47 50 true
32 30 28 26 23 20 true
26 25 23 22 19 true
39 38 37 34 33 31 29 28 true
20 23 24 27 30 true
14 12 10 7 5 4 2 true
44 43 41 39 36 34 33 true
82 81 79 78 76 74 true
67 65 63 60 57 56 54 53 true
54 56 57 58 59 true
35 34 33 31 30 27 25 24 true
96 93 90 87 86 true
87 85 84 81 80 79 78 true
85 82 80 78 77 74 72 71 true
94 91 90 87 86 85 83 80 true
52 53 55 58 61 true
56 58 61 64 67 68 69 true
34 35 38 41 43 45 47 true
1 3 5 6 7 10 13 16 true
62 64 67 68 69 72 true
14 15 16 18 21 23 26 true
39 37 35 34 33 30 true
34 31 30 29 28 true
12 15 18 21 23 26 28 true
21 20 17 15 13 true
87 88 90 93 95 true
2 3 4 7 9 10 true
43 46 49 52 55 56 57 58 true
41 44 47 48 50 53 true
33 31 28 27 24 22 19 true
36 35 32 31 28 true
93 91 90 89 86 85 82 80 true